#K-Path     Band-1    Band-2    Band-3    Band-4      ...     Band-n
  0.0000  -12.4911  -10.3026  -10.3026  -10.3026   -6.7346   -6.7346   -6.7346   -2.6452   -2.6452   -2.6452   -2.6452   -2.6452   -2.6452   -0.1351   -0.1351   -0.1351    0.0425    1.3828    1.3828    1.3828    1.5267    1.5267    1.5267    3.5600    3.5600    3.5600    7.2887    9.6356    9.6356    9.6356    9.6356    9.6356    9.6356    9.8020    9.8020   10.4205   10.4205   10.4205   11.2420   11.2420   11.2420   12.6439   12.6439   12.6439   12.8771   12.8771   12.8771   12.8771   12.8771   12.8771   13.0119   13.0119   13.0119   14.1396   14.7345   14.7345   14.7345   18.6237   18.6238   18.6238   19.1139   19.1163   19.1184   19.1361
  0.0407  -12.4864  -10.3097  -10.3097  -10.3021   -6.7324   -6.7229   -6.7229   -2.6736   -2.6494   -2.6494   -2.6477   -2.6477   -2.6407   -0.3907   -0.1525   -0.1376    0.2822    1.3883    1.3883    1.4057    1.5547    1.5547    1.5567    3.5590    3.5650    3.5840    7.3210    9.5686    9.5771    9.5771    9.5950    9.5950    9.5986    9.7254    9.7785   10.3965   10.3965   10.4174   11.2395   11.2533   11.3391   12.4997   12.5515   12.5515   12.6948   12.8675   12.8675   12.9143   12.9143   13.0972   13.1510   13.1510   13.1800   14.1916   14.7900   14.7918   14.7918   18.3785   18.3785   18.4699   18.7615   18.7632   18.8609   18.9220
  0.0813  -12.4722  -10.3305  -10.3305  -10.3008   -6.7261   -6.6887   -6.6887   -2.7540   -2.6624   -2.6624   -2.6538   -2.6538   -2.6271   -0.7277   -0.2043   -0.1452    0.5713    1.4121    1.4121    1.4455    1.6305    1.6305    1.6710    3.5575    3.5800    3.6559    7.4156    9.3761    9.3761    9.3979    9.4927    9.4990    9.4990    9.5395    9.7105   10.3531   10.3531   10.3716   11.2356   11.2877   11.5866   12.3854   12.4123   12.4123   12.4367   12.8236   12.8236   13.0218   13.0218   13.4046   13.4209   13.4209   13.4448   14.3421   14.9425   14.9624   14.9624   17.8744   17.8744   18.1676   18.2807   18.2808   18.4437   18.8023
  0.1220  -12.4486  -10.3638  -10.3638  -10.2990   -6.7156   -6.6338   -6.6338   -2.8744   -2.6847   -2.6847   -2.6605   -2.6605   -2.6046   -1.0744   -0.2890   -0.1581    0.8379    1.4634    1.4634    1.4801    1.7427    1.7427    1.8798    3.5587    3.6050    3.7745    7.5665    9.0411    9.0411    9.1708    9.3091    9.3297    9.3718    9.3718    9.6058   10.2362   10.3130   10.3130   11.2378   11.3458   11.9199   12.1545   12.2865   12.2865   12.3934   12.7667   12.7667   13.1708   13.1708   13.6506   13.7102   13.7102   13.8244   14.5773   15.1619   15.2414   15.2414   17.3372   17.3372   17.8077   17.8077   17.8288   18.0432   18.7167
  0.1627  -12.4157  -10.4077  -10.4077  -10.2975   -6.7012   -6.5613   -6.5613   -3.0201   -2.7162   -2.7162   -2.6640   -2.6640   -2.5732   -1.4241   -0.4040   -0.1766    1.0756    1.5160    1.5454    1.5454    1.8842    1.8842    2.1620    3.5670    3.6400    3.9367    7.7649    8.6199    8.6199    8.9169    9.0702    9.1238    9.2252    9.2252    9.4769   10.0135   10.2640   10.2640   11.2525   11.4288   11.8577   12.1692   12.1692   12.3032   12.5071   12.7179   12.7179   13.3407   13.3407   13.9207   13.9753   13.9753   14.2151   14.8813   15.4201   15.6127   15.6127   16.8117   16.8117   17.3700   17.3700   17.4828   17.6624   18.6465
  0.2033  -12.3737  -10.4597  -10.4597  -10.2971   -6.6832   -6.4751   -6.4751   -3.1770   -2.7561   -2.7561   -2.6603   -2.6603   -2.5331   -1.7728   -0.5460   -0.2011    1.2835    1.5575    1.6582    1.6582    2.0504    2.0504    2.4992    3.5864    3.6850    4.1358    8.0004    8.1530    8.1530    8.6522    8.8394    8.8883    9.0653    9.0653    9.3395    9.7330   10.1925   10.1925   11.2834   11.5385   11.5536   12.0479   12.0479   12.6876   12.6923   12.6923   12.7202   13.5175   13.5175   14.1990   14.1990   14.2122   14.5988   15.2395   15.6967   16.0314   16.0314   16.3135   16.3135   17.0021   17.0021   17.1420   17.3099   18.5902
  0.2440  -12.3227  -10.5177  -10.5177  -10.2991   -6.6617   -6.3796   -6.3796   -3.3331   -2.8027   -2.8027   -2.6453   -2.6453   -2.4845   -2.1181   -0.7110   -0.2320    1.4637    1.6059    1.8003    1.8003    2.2371    2.2371    2.8779    3.6199    3.7401    4.3607    7.6655    7.6655    8.2612    8.3862    8.6249    8.6334    8.8948    8.8948    9.2117    9.4211   10.0941   10.0941   11.2477   11.3315   11.6772   11.9137   11.9137   12.6940   12.6940   12.9018   13.1629   13.6856   13.6856   14.3774   14.3774   14.5197   14.9481   15.6404   15.8379   15.8379   15.9788   16.3514   16.3514   16.8141   16.8472   16.8472   17.0057   18.5583
  0.2847  -12.2629  -10.5792  -10.5792  -10.3047   -6.6367   -6.2792   -6.2792   -3.4789   -2.8542   -2.8542   -2.6153   -2.6153   -2.4576   -2.4277   -0.8948   -0.2699    1.6203    1.6613    1.9693    1.9693    2.4404    2.4404    3.2875    3.6693    3.8053    4.5969    7.1730    7.1730    8.1259    8.3670    8.4314    8.5316    8.7146    8.7146    9.0948    9.1164    9.9707    9.9707   10.9440   11.3965   11.7639   11.7639   11.8475   12.7156   12.7156   13.1267   13.6269   13.8187   13.8187   14.5138   14.5138   14.8378   15.2078   15.4163   15.4163   16.0752   16.2579   16.2896   16.2896   16.5028   16.7996   17.1397   17.1397   18.5834
  0.3253  -12.1948  -10.6421  -10.6421  -10.3155   -6.6080   -6.1785   -6.1785   -3.6072   -2.9088   -2.9088   -2.7898   -2.5668   -2.5668   -2.3629   -1.0931   -0.3150    1.7235    1.7579    2.1625    2.1625    2.6557    2.6557    3.7183    3.7354    3.8807    4.8267    6.6865    6.6865    7.8776    8.0947    8.2618    8.5238    8.5238    8.7641    8.7737    9.0998    9.8268    9.8268   10.6455   11.4780   11.5990   11.5990   12.0524   12.7441   12.7441   13.3450   13.8739   13.8739   14.1095   14.6139   14.6139   15.0713   15.0713   15.1614   15.2919   16.2031   16.2031   16.2113   16.5290   16.5369   16.7719   17.4694   17.4694   18.7133
  0.3660  -12.1185  -10.7046  -10.7046  -10.3332   -6.5750   -6.0814   -6.0814   -3.7128   -3.1131   -2.9644   -2.9644   -2.4972   -2.4972   -2.2905   -1.3016   -0.3678    1.7918    1.8809    2.3765    2.3765    2.8777    2.8777    3.8185    3.9662    4.1599    5.0318    6.2163    6.2163    7.6486    7.8208    8.1179    8.3211    8.3211    8.4355    8.9058    9.2521    9.6678    9.6678   10.3545   11.4201   11.4201   11.5757   12.2946   12.7646   12.7646   13.5401   13.8225   13.8225   14.5646   14.5646   14.6088   14.9641   14.9641   15.1805   15.4866   15.9479   16.2059   16.2059   16.7898   16.9290   17.0190   17.6584   17.6584   18.1845
  0.4067  -12.0346  -10.7651  -10.7651  -10.3593   -6.5365   -5.9914   -5.9914   -3.7920   -3.4264   -3.0194   -3.0194   -2.4052   -2.4052   -2.2110   -1.5167   -0.4286    1.8653    1.9923    2.6069    2.6069    3.0985    3.0985    3.9183    4.0621    4.5985    5.1963    5.7744    5.7744    7.4493    7.5483    8.0010    8.1042    8.1042    8.1142    8.9985    9.4983    9.4983    9.5098   10.0727   11.2286   11.2286   11.6896   12.5758   12.7623   12.7623   13.6918   13.6933   13.6933   14.3467   14.3467   14.9565   15.1231   15.1291   15.1291   15.7269   15.8102   16.2801   16.2801   17.0397   17.1622   17.4591   17.5147   17.7412   17.7412
  0.4473  -11.9437  -10.8222  -10.8222  -10.3953   -6.4910   -5.9110   -5.9110   -3.8427   -3.7286   -3.0722   -3.0722   -2.2906   -2.2906   -2.1248   -1.7349   -0.4973    1.9431    2.0941    2.8458    2.8458    3.3064    3.3064    4.0343    4.1683    5.0108    5.3108    5.3797    5.3797    7.2793    7.2956    7.8089    7.8710    7.8710    7.9117    9.1431    9.3223    9.3223    9.7831    9.8018   11.0273   11.0273   11.8200   12.7256   12.7256   12.8958   13.5400   13.5400   13.7759   14.1444   14.1444   14.6879   15.3716   15.3716   15.5652   15.6511   16.1301   16.3914   16.3914   16.7522   17.2794   17.3589   17.7888   17.7888   18.0090
  0.4880  -11.8462  -10.8747  -10.8747  -10.4421   -6.4364   -5.8416   -5.8416   -4.0187   -3.8642   -3.1215   -3.1215   -2.1552   -2.1552   -2.0326   -1.9533   -0.5738    2.0237    2.1870    3.0725    3.0725    3.4871    3.4871    4.1658    4.2850    5.0658    5.0658    5.3564    5.3753    7.0157    7.1954    7.5525    7.6200    7.6200    7.8505    9.1427    9.1427    9.3532    9.5429   10.0515   10.8209   10.8209   11.9677   12.6524   12.6524   13.2509   13.3963   13.3963   13.7721   13.9901   13.9901   14.4051   15.4705   15.6477   15.6477   16.0702   16.1908   16.4452   16.5103   16.5103   17.4271   17.5106   17.8429   17.8429   18.4685
  0.5287  -11.7429  -10.9219  -10.9219  -10.5004   -6.3704   -5.7838   -5.7838   -4.2959   -3.8567   -3.1663   -3.1663   -2.1693   -2.0029   -2.0029   -1.9348   -0.6578    2.1053    2.2706    3.2191    3.2191    3.6556    3.6556    4.3122    4.4122    4.8846    4.8846    5.3990    5.5809    6.7587    7.0493    7.3508    7.3508    7.4988    7.8172    8.9614    8.9614    9.2974    9.6164   10.3115   10.6171   10.6171   12.1341   12.5551   12.5551   13.2701   13.2701   13.6273   13.6801   13.8857   13.8857   14.1210   15.4198   15.4313   15.9452   15.9452   16.6162   16.6162   16.7396   16.7550   17.3337   17.7352   17.9238   17.9238   18.7815
  0.5693  -11.6347  -10.9629  -10.9629  -10.5702   -6.2910   -5.7374   -5.7374   -4.5593   -3.8216   -3.2055   -3.2055   -2.3805   -1.8401   -1.8401   -1.8323   -0.7488    2.1858    2.3434    3.1876    3.1876    3.8796    3.8796    4.4728    4.5501    4.8653    4.8653    5.3959    5.6626    6.5094    6.7997    7.0642    7.0642    7.7266    7.8116    8.7804    8.7804    9.0664    9.9045   10.4257   10.4257   10.5680   12.3212   12.4523   12.4523   13.1596   13.1596   13.5201   13.8226   13.8226   13.8424   13.9596   14.9081   15.3503   16.2568   16.2568   16.6982   16.6982   17.0595   17.1638   17.2926   17.9551   18.0374   18.0374   18.7914
  0.6100  -11.5225  -10.9971  -10.9971  -10.6511   -6.1963   -5.7014   -5.7014   -4.8082   -3.7606   -3.2385   -3.2385   -2.5851   -1.7257   -1.6759   -1.6759   -0.8461    2.2628    2.4033    3.0213    3.0213    4.1592    4.1592    4.6467    4.6987    4.9625    4.9625    5.3811    5.6429    6.2685    6.5293    6.7623    6.7623    7.8330    8.1103    8.6035    8.6035    8.8510   10.1704   10.2567   10.2567   10.8368   12.3587   12.3587   12.5314   13.0649   13.0649   13.3146   13.5757   13.7876   13.7876   13.9149   14.8466   15.1873   16.5720   16.5720   16.7598   16.7598   17.0493   17.3594   17.8391   18.1719   18.1764   18.1764   18.6011
  0.6507  -11.4075  -11.0242  -11.0242  -10.7420   -6.0849   -5.6750   -5.6750   -5.0417   -3.6757   -3.2647   -3.2647   -2.7809   -1.6160   -1.5222   -1.5222   -0.9486    2.3330    2.4480    2.8177    2.8177    4.4651    4.4651    4.8323    4.8580    5.1058    5.1058    5.3687    5.5758    6.0367    6.2622    6.4481    6.4481    7.8805    8.4385    8.4385    8.5677    8.6525   10.1189   10.1189   10.3497   11.1400   12.2822   12.2822   12.7655   12.9887   12.9887   13.0755   13.3313   13.5309   13.7694   13.7694   14.9031   15.2372   16.7644   16.7644   16.9242   16.9242   17.0560   17.6550   18.3220   18.3236   18.3487   18.3517   18.3882
  0.6913  -11.2911  -11.0438  -11.0438  -10.8415   -5.9557   -5.6570   -5.6570   -5.2592   -3.5691   -3.2838   -3.2838   -2.9664   -1.5042   -1.3943   -1.3943   -1.0555    2.3934    2.4750    2.6369    2.6369    4.7838    4.7838    5.0258    5.0281    5.2444    5.2444    5.3722    5.4953    5.8145    6.0049    6.1256    6.1256    7.9532    8.2991    8.2991    8.4719    9.0503   10.0178   10.0178   10.3834   11.4801   12.2264   12.2264   12.8056   12.9330   12.9330   12.9830   13.1227   13.2391   13.7605   13.7605   14.5362   15.7320   16.7924   16.7924   17.1650   17.2240   17.2240   17.9296   17.9468   18.0881   18.4447   18.4450   18.5981
  0.7320  -11.1745  -11.0556  -11.0556  -10.9480   -5.8085   -5.6465   -5.6465   -5.4598   -3.4429   -3.2953   -3.2953   -3.1397   -1.3911   -1.3083   -1.3083   -1.1656    2.4403    2.4828    2.5142    2.5142    5.1053    5.1053    5.2089    5.2114    5.3443    5.3443    5.4139    5.4169    5.6023    5.7623    5.8013    5.8013    8.0498    8.2036    8.2036    8.3104    9.5206    9.9565    9.9565   10.2411   11.8349   12.1927   12.1927   12.5067   12.8992   12.8992   12.9220   12.9664   13.4111   13.7565   13.7565   14.1403   16.2618   16.8028   16.8028   17.2724   17.4575   17.4789   17.4789   17.8304   18.2332   18.5058   18.5088   18.7339
  0.7727  -11.0596  -11.0596  -11.0596  -11.0596   -5.6431   -5.6431   -5.6431   -5.6431   -3.2991   -3.2991   -3.2991   -3.2991   -1.2779   -1.2779   -1.2779   -1.2779    2.4709    2.4709    2.4709    2.4709    5.3379    5.3379    5.3379    5.3379    5.4004    5.4004    5.4004    5.4004    5.5480    5.5480    5.5480    5.5480    8.1693    8.1693    8.1693    8.1693    9.9360    9.9360    9.9360    9.9360   12.1814   12.1814   12.1814   12.1814   12.8879   12.8879   12.8879   12.8879   13.7554   13.7554   13.7554   13.7554   16.8058   16.8058   16.8058   16.8058   17.5903   17.5903   17.5903   17.5903   18.5072   18.5072   18.5072   18.5077
  0.7727  -11.0596  -11.0596  -11.0596  -11.0596   -5.6431   -5.6431   -5.6431   -5.6431   -3.2991   -3.2991   -3.2991   -3.2991   -1.2779   -1.2779   -1.2779   -1.2779    2.4709    2.4709    2.4709    2.4709    5.3379    5.3379    5.3379    5.3379    5.4004    5.4004    5.4004    5.4004    5.5480    5.5480    5.5480    5.5480    8.1693    8.1693    8.1693    8.1693    9.9360    9.9360    9.9360    9.9360   12.1814   12.1814   12.1814   12.1814   12.8879   12.8879   12.8879   12.8879   13.7554   13.7554   13.7554   13.7554   16.8058   16.8058   16.8058   16.8058   17.5903   17.5903   17.5903   17.5903   18.5072   18.5072   18.5073   18.5076
  0.7903  -11.0879  -11.0592  -11.0592  -11.0312   -5.6883   -5.6455   -5.6455   -5.6012   -3.3332   -3.2954   -3.2954   -3.2572   -1.3060   -1.2797   -1.2797   -1.2496    2.4635    2.4720    2.4720    2.4739    5.2762    5.2810    5.2810    5.3259    5.3491    5.3934    5.3934    5.4473    5.5442    5.6099    5.6099    5.6329    8.1417    8.1759    8.1759    8.2071    9.8391    9.9359    9.9359   10.0230   12.0850   12.1673   12.1673   12.2464   12.8836   12.8923   12.8923   12.9068   13.6784   13.7679   13.7679   13.8599   16.6681   16.8020   16.8020   16.9343   17.5378   17.5813   17.5813   17.6444   18.3801   18.4470   18.4471   18.5077
  0.8079  -11.1160  -11.0580  -11.0580  -11.0029   -5.7364   -5.6528   -5.6528   -5.5630   -3.3594   -3.2843   -3.2843   -3.2071   -1.3338   -1.2851   -1.2851   -1.2213    2.4525    2.4716    2.4753    2.4753    5.1681    5.1681    5.1754    5.2806    5.2942    5.3930    5.3930    5.4896    5.5880    5.7169    5.7169    5.7575    8.1238    8.1957    8.1957    8.2552    9.7357    9.9355    9.9355   10.0960   11.9776   12.1279   12.1279   12.2637   12.8676   12.9029   12.9029   12.9621   13.6393   13.8050   13.8050   13.9837   16.5322   16.7893   16.7893   17.0260   17.5157   17.5541   17.5541   17.6889   18.1797   18.3239   18.3240   18.4285
  0.8255  -11.1437  -11.0561  -11.0561  -10.9748   -5.7870   -5.6647   -5.6647   -5.5286   -3.3783   -3.2661   -3.2661   -3.1491   -1.3611   -1.2940   -1.2940   -1.1931    2.4387    2.4630    2.4806    2.4806    5.0442    5.0442    5.0702    5.2269    5.2362    5.3960    5.3960    5.5270    5.6455    5.8274    5.8274    5.8958    8.1152    8.2287    8.2287    8.3138    9.6284    9.9350    9.9350   10.1495   11.8745   12.0697   12.0697   12.2350   12.8237   12.9141   12.9141   13.0539   13.6435   13.8656   13.8656   14.1222   16.4031   16.7625   16.7625   17.0385   17.5092   17.5092   17.5679   17.7196   17.9535   18.1979   18.1979   18.3217
  0.8431  -11.1710  -11.0533  -11.0533  -10.9471   -5.8393   -5.6809   -5.6809   -5.4981   -3.3900   -3.2411   -3.2411   -3.0831   -1.3879   -1.3063   -1.3063   -1.1652    2.4227    2.4471    2.4873    2.4873    4.9187    4.9187    4.9704    5.1711    5.1758    5.4009    5.4009    5.5592    5.7081    5.9336    5.9336    6.0406    8.1153    8.2750    8.2750    8.3828    9.5191    9.9345    9.9345   10.1777   11.7863   12.0000   12.0000   12.1755   12.7520   12.9211   12.9211   13.1675   13.6857   13.9473   13.9473   14.2729   16.2832   16.7134   16.7134   16.9742   17.4520   17.4520   17.6942   17.7178   17.7354   18.0921   18.0921   18.2047
  0.8607  -11.1976  -11.0498  -11.0498  -10.9200   -5.8929   -5.7010   -5.7010   -5.4714   -3.3951   -3.2099   -3.2099   -3.0095   -1.4140   -1.3218   -1.3218   -1.1378    2.4051    2.4229    2.4948    2.4948    4.7950    4.7950    4.8793    5.1138    5.1151    5.4073    5.4073    5.5864    5.7733    6.0324    6.0324    6.1889    8.1236    8.3344    8.3344    8.4622    9.4096    9.9344    9.9344   10.1756   11.7194   11.9246   11.9246   12.0985   12.6619   12.9212   12.9212   13.2882   13.7548   14.0469   14.0469   14.4349   16.1744   16.6320   16.6320   16.8706   17.3949   17.3949   17.4783   17.7365   17.8599   18.0128   18.0128   18.0834
  0.8783  -11.2235  -11.0455  -11.0455  -10.8938   -5.9469   -5.7247   -5.7247   -5.4485   -3.3939   -3.1731   -3.1731   -2.9287   -1.4392   -1.3402   -1.3402   -1.1111    2.3864    2.3897    2.5025    2.5025    4.6753    4.6753    4.7987    5.0509    5.0595    5.4150    5.4150    5.6087    5.8400    6.1225    6.1225    6.3389    8.1396    8.4066    8.4066    8.5515    9.3015    9.9351    9.9351   10.1409   11.6741   11.8477   11.8477   12.0125   12.5651   12.9135   12.9135   13.4062   13.8401   14.1600   14.1600   14.6076   16.0783   16.5130   16.5130   16.7506   17.2377   17.3510   17.3510   17.7241   17.9570   17.9570   17.9600   18.0451
  0.8959  -11.2486  -11.0405  -11.0405  -10.8686   -6.0008   -5.7513   -5.7513   -5.4289   -3.3870   -3.1314   -3.1314   -2.8411   -1.4636   -1.3613   -1.3613   -1.0853    2.3469    2.3670    2.5092    2.5092    4.5615    4.5615    4.7293    4.9880    5.0048    5.4239    5.4239    5.6263    5.9077    6.2029    6.2029    6.4889    8.1625    8.4907    8.4907    8.6504    9.1962    9.9373    9.9373   10.0756   11.6435   11.7724   11.7724   11.9220   12.4730   12.8985   12.8985   13.5150   13.9344   14.2820   14.2820   14.7896   15.9962   16.3607   16.3607   16.6261   16.9971   17.3250   17.3250   17.6996   17.8359   17.9196   17.9196   18.2414
  0.9135  -11.2729  -11.0347  -11.0347  -10.8447   -6.0538   -5.7805   -5.7805   -5.4126   -3.3747   -3.0856   -3.0856   -2.7471   -1.4870   -1.3847   -1.3847   -1.0606    2.2943    2.3471    2.5138    2.5138    4.4554    4.4554    4.6716    4.9257    4.9512    5.4338    5.4338    5.6397    5.9762    6.2732    6.2732    6.6369    8.1919    8.5853    8.5853    8.7585    9.0956    9.9419    9.9419    9.9853   11.6139   11.7010   11.7010   11.8298   12.3979   12.8768   12.8768   13.6101   14.0328   14.4076   14.4076   14.9790   15.9297   16.1868   16.1868   16.5056   16.7573   17.3135   17.3135   17.6648   17.7116   17.8970   17.8970   18.4450
  0.9311  -11.2961  -11.0283  -11.0283  -10.8223   -6.1053   -5.8117   -5.8117   -5.3992   -3.3575   -3.0366   -3.0366   -2.6475   -1.5093   -1.4100   -1.4100   -1.0371    2.2320    2.3272    2.5152    2.5152    4.3586    4.3586    4.6254    4.8648    4.8987    5.4446    5.4446    5.6491    6.0451    6.3336    6.3336    6.7807    8.2274    8.6883    8.6883    8.8751    9.0016    9.8765    9.9506    9.9506   11.5686   11.6349   11.6349   11.7378   12.3523   12.8494   12.8494   13.6876   14.1317   14.5296   14.5296   15.1715   15.8802   16.0052   16.0052   16.3979   16.5190   17.3101   17.3101   17.5874   17.6214   17.8875   17.8875   18.6535
  0.9487  -11.3183  -11.0211  -11.0211  -10.8016   -6.1546   -5.8444   -5.8444   -5.3883   -3.3358   -2.9851   -2.9851   -2.5427   -1.5305   -1.4369   -1.4369   -1.0152    2.1606    2.3073    2.5119    2.5119    4.2728    4.2728    4.5903    4.8059    4.8475    5.4560    5.4560    5.6550    6.1142    6.3845    6.3845    6.9175    8.2684    8.7969    8.7969    8.9170    8.9997    9.7557    9.9651    9.9651   11.4959   11.5752   11.5752   11.6471   12.3429   12.8168   12.8168   13.7442   14.2287   14.6360   14.6360   15.3593   15.8330   15.8330   15.8491   16.2824   16.3151   17.3092   17.3092   17.4638   17.5708   17.8908   17.8908   18.8650
  0.9663  -11.3394  -11.0133  -11.0133  -10.7829   -6.2011   -5.8782   -5.8782   -5.3796   -3.3100   -2.9322   -2.9322   -2.4335   -1.5504   -1.4648   -1.4648   -0.9950    2.0808    2.2877    2.5028    2.5028    4.1996    4.1996    4.5653    4.7498    4.7977    5.4679    5.4679    5.6578    6.1832    6.4267    6.4267    7.0436    8.3144    8.8452    8.9074    8.9074    9.1318    9.6282    9.9884    9.9884   11.3949   11.5230   11.5230   11.5587   12.3664   12.7797   12.7797   13.7765   14.3221   14.7055   14.7055   15.5270   15.6948   15.6948   15.8376   16.0479   16.2766   17.3072   17.3072   17.3410   17.5146   17.9065   17.9065   18.9084
  0.9840  -11.3593  -11.0048  -11.0048  -10.7665   -6.2442   -5.9127   -5.9127   -5.3728   -3.2803   -2.8788   -2.8788   -2.3205   -1.5690   -1.4932   -1.4932   -0.9768    1.9938    2.2686    2.4870    2.4870    4.1401    4.1401    4.5492    4.6969    4.7492    5.4799    5.4799    5.6580    6.2518    6.4612    6.4612    7.1542    8.3653    8.7904    9.0152    9.0152    9.2708    9.4981   10.0237   10.0237   11.2717   11.4735   11.4786   11.4786   12.4133   12.7384   12.7384   13.7815   14.4109   14.7068   14.7068   15.6238   15.6238   15.6500   15.8156   15.8465   16.3100   17.2189   17.3022   17.3022   17.4541   17.9340   17.9340   18.7813
  1.0016  -11.3780  -10.9957  -10.9957  -10.7525   -6.2833   -5.9475   -5.9475   -5.3677   -3.2472   -2.8261   -2.8261   -2.2045   -1.5863   -1.5216   -1.5216   -0.9608    1.9009    2.2500    2.4641    2.4641    4.0950    4.0950    4.5406    4.6478    4.7022    5.4916    5.4916    5.6559    6.3196    6.4890    6.4890    7.2439    8.4205    8.7577    9.1153    9.1153    9.3685    9.4162   10.0751   10.0751   11.1333   11.3921   11.4425   11.4425   12.4737   12.6930   12.6930   13.7574   14.4952   14.6231   14.6231   15.5858   15.6376   15.6376   15.7167   15.8757   16.4294   17.0979   17.2942   17.2942   17.3905   17.9719   17.9719   18.6554
  1.0192  -11.3954  -10.9860  -10.9860  -10.7412   -6.3181   -5.9822   -5.9822   -5.3638   -3.2109   -2.7752   -2.7752   -2.0861   -1.6022   -1.5492   -1.5492   -0.9471    1.8034    2.2321    2.4342    2.4342    4.0641    4.0641    4.5380    4.6030    4.6566    5.5028    5.5028    5.6518    6.3863    6.5113    6.5113    7.3073    8.4798    8.7519    9.2031    9.2031    9.2422    9.5673   10.1456   10.1456   10.9852   11.3155   11.4151   11.4151   12.5401   12.6436   12.6436   13.7038   14.4754   14.4754   14.5761   15.3586   15.7157   15.7157   15.7497   15.9241   16.6121   16.9781   17.2846   17.2846   17.3249   18.0183   18.0183   18.5306
  1.0368  -11.4116  -10.9757  -10.9757  -10.7329   -6.3479   -6.0167   -6.0167   -5.3610   -3.1716   -2.7272   -2.7272   -1.9664   -1.6166   -1.5754   -1.5754   -0.9360    1.7028    2.2149    2.3982    2.3982    4.0470    4.0470    4.5400    4.5630    4.6125    5.5131    5.5131    5.6461    6.4515    6.5295    6.5295    7.3411    8.5429    8.7754    9.1210    9.2758    9.2758    9.7238   10.2366   10.2366   10.8311   11.2444   11.3969   11.3969   12.5899   12.5899   12.6071   13.6225   14.2945   14.2945   14.6555   15.1344   15.7766   15.8271   15.8271   15.9896   16.8287   16.8594   17.2585   17.2758   17.2758   18.0710   18.0710   18.4073
  1.0544  -11.4263  -10.9650  -10.9650  -10.7277   -6.3725   -6.0504   -6.0504   -5.3591   -3.1297   -2.6836   -2.6836   -1.8461   -1.6295   -1.5995   -1.5995   -0.9276    1.6006    2.1985    2.3574    2.3574    4.0422    4.0422    4.5282    4.5449    4.5698    5.5220    5.5220    5.6390    6.5145    6.5447    6.5447    7.3455    8.6095    8.8268    9.0069    9.3335    9.3335    9.8850   10.3461   10.3461   10.6737   11.1799   11.3885   11.3885   12.5314   12.5314   12.6711   13.5170   14.1008   14.1008   14.7360   14.9133   15.8104   15.9510   15.9510   16.0695   16.7420   17.0616   17.1924   17.2707   17.2707   18.1278   18.1278   18.2857
  1.0720  -11.4397  -10.9537  -10.9537  -10.7257   -6.3914   -6.0834   -6.0834   -5.3579   -3.0852   -2.6455   -2.6455   -1.7264   -1.6409   -1.6206   -1.6206   -0.9222    1.4984    2.1828    2.3137    2.3137    4.0481    4.0481    4.4989    4.5287    4.5513    5.5293    5.5293    5.6309    6.5583    6.5583    6.5748    7.3243    8.6795    8.9012    8.9014    9.3782    9.3782   10.0505   10.4692   10.4692   10.5151   11.1232   11.3911   11.3911   12.4672   12.4672   12.7294   13.3915   13.9059   13.9059   14.6956   14.8198   15.8551   16.0745   16.0745   16.1601   16.6260   17.1281   17.2731   17.2731   17.3006   18.1660   18.1872   18.1872
  1.0896  -11.4516  -10.9419  -10.9419  -10.7272   -6.4043   -6.1152   -6.1152   -5.3571   -3.0384   -2.6144   -2.6144   -1.6507   -1.6383   -1.6383   -1.6086   -0.9199    1.3979    2.1680    2.2690    2.2690    4.0628    4.0628    4.4754    4.4891    4.5579    5.5346    5.5346    5.6218    6.5716    6.5716    6.6318    7.2830    8.7526    8.8060    8.9911    9.4130    9.4130   10.2198   10.3568   10.5985   10.5985   11.0757   11.4065   11.4065   12.3965   12.3965   12.7804   13.2505   13.7175   13.7175   14.4817   14.9092   15.9102   16.1884   16.1884   16.2574   16.5115   17.0677   17.2875   17.2875   17.5378   18.0485   18.2478   18.2478
  1.1072  -11.4620  -10.9298  -10.9298  -10.7321   -6.4110   -6.1459   -6.1459   -5.3567   -2.9895   -2.5911   -2.5911   -1.6588   -1.6519   -1.6519   -1.4941   -0.9208    1.3010    2.1540    2.2254    2.2254    4.0842    4.0842    4.4511    4.4581    4.5631    5.5377    5.5377    5.6120    6.5857    6.5857    6.6846    7.2272    8.7218    8.8286    9.0889    9.4409    9.4409   10.2005   10.3921   10.7256   10.7256   11.0392   11.4372   11.4372   12.3183   12.3183   12.8233   13.0982   13.5423   13.5423   14.2719   15.0054   15.9739   16.2851   16.2851   16.3559   16.3985   17.0145   17.3181   17.3181   17.7626   17.9331   18.3091   18.3091
  1.1072  -11.4620  -10.9298  -10.9298  -10.7321   -6.4110   -6.1459   -6.1459   -5.3567   -2.9895   -2.5911   -2.5911   -1.6588   -1.6519   -1.6519   -1.4941   -0.9208    1.3010    2.1540    2.2254    2.2254    4.0842    4.0842    4.4511    4.4581    4.5631    5.5377    5.5377    5.6120    6.5857    6.5857    6.6846    7.2272    8.7218    8.8286    9.0889    9.4409    9.4409   10.2005   10.3921   10.7256   10.7256   11.0392   11.4372   11.4372   12.3183   12.3183   12.8233   13.0982   13.5423   13.5423   14.2719   15.0054   15.9739   16.2851   16.2851   16.3559   16.3985   17.0145   17.3181   17.3181   17.7626   17.9331   18.3091   18.3091
  1.1600  -11.4845  -10.8910  -10.8910  -10.7684   -6.3924   -6.2287   -6.2287   -5.3566   -2.8315   -2.5742   -2.5742   -1.6732   -1.6696   -1.6696   -1.1921   -0.9431    1.0554    2.1165    2.1194    2.1194    4.1679    4.1679    4.3460    4.4447    4.5594    5.5368    5.5368    5.5795    6.6432    6.6432    6.8098    7.0128    8.5458    9.0727    9.3621    9.4999    9.4999    9.7588   10.9193   11.0100   11.0100   11.0128   11.6084   11.6084   12.0681   12.0681   12.6117   12.9039   13.1547   13.1547   13.6746   15.3354   16.0689   16.1941   16.4348   16.4348   16.5615   16.9827   17.5179   17.5179   17.6012   18.1263   18.5011   18.5011
  1.2129  -11.4931  -10.8497  -10.8497  -10.8358   -6.3145   -6.2959   -6.2959   -5.3568   -2.6594   -2.6299   -2.6299   -1.6721   -1.6705   -1.6705   -1.0120   -0.9954    0.9398    2.0808    2.0808    2.0850    4.2395    4.2395    4.2540    4.4914    4.5092    5.5379    5.5379    5.5438    6.7366    6.7366    6.7757    6.8650    8.4861    9.3378    9.4001    9.5106    9.5198    9.5198   11.0965   11.1063   11.1063   11.4243   11.4999   11.4999   12.1238   12.1238   12.1769   12.9275   13.0936   13.0936   13.1609   15.6861   15.7547   16.3968   16.4198   16.4198   16.5468   17.2266   17.2921   17.7653   17.7653   17.8300   18.7515   18.7530
  1.2657  -11.4876  -10.9305  -10.8068  -10.8068   -6.3458   -6.3458   -6.1793   -5.3568   -2.7343   -2.7343   -2.4763   -1.6859   -1.6859   -1.6550   -1.0755   -1.0190    1.0192    2.0580    2.1312    2.1312    4.1739    4.2541    4.2541    4.4059    4.5978    5.5055    5.5772    5.5772    6.5457    6.8220    6.8686    6.8686    8.5103    9.1986    9.4349    9.4349    9.5164    9.6201   10.9853   10.9853   11.0292   11.3928   11.3928   11.7357   12.0621   12.2047   12.2047   12.9010   12.9185   13.4502   13.4502   15.4570   15.8974   16.3390   16.3390   16.4214   16.6485   17.0080   17.5086   17.5501   17.8994   17.8994   18.2278   19.0903
  1.3185  -11.4678  -11.0469  -10.7631  -10.7631   -6.3785   -6.3785   -5.9911   -5.3576   -2.8646   -2.8646   -2.2847   -1.7338   -1.7338   -1.6218   -1.1890   -1.1792    1.2637    2.0335    2.2697    2.2697    4.1031    4.1968    4.1968    4.2632    4.7609    5.4633    5.6773    5.6773    6.3361    6.6578    7.0298    7.0298    8.5771    9.1538    9.1538    9.2138    9.4296    9.9162   10.6617   10.8911   10.8911   11.4487   11.4487   11.5714   12.1797   12.1797   12.3439   12.8969   13.1771   14.0322   14.0322   15.1768   15.8721   16.1331   16.2457   16.2457   16.7510   17.0067   17.6119   17.6207   17.7389   17.9116   17.9116   19.1486
  1.3714  -11.4339  -11.1786  -10.7194  -10.7194   -6.3953   -6.3953   -5.7557   -5.3615   -3.0055   -3.0055   -2.0869   -1.8131   -1.8131   -1.5725   -1.4432   -1.3012    1.5816    2.0098    2.4714    2.4714    4.0381    4.0973    4.0973    4.1098    4.9759    5.4147    5.8255    5.8255    6.1538    6.3869    7.1982    7.1982    8.6943    8.7240    8.7240    9.2735    9.4091   10.2222   10.2467   10.9835   10.9835   11.1801   11.5325   11.5325   12.1482   12.1482   12.6899   12.8762   13.7406   14.6526   14.6526   14.9149   15.7671   15.7751   16.1811   16.1811   16.5239   17.0158   17.4061   17.8451   17.8451   17.8715   17.9610   18.7498
  1.4242  -11.3862  -11.3193  -10.6762  -10.6762   -6.3992   -6.3992   -5.4790   -5.3725   -3.1455   -3.1455   -1.9129   -1.9129   -1.8854   -1.7242   -1.5074   -1.4356    1.8892    1.9852    2.6808    2.6808    3.9745    3.9829    4.0210    4.0210    5.2371    5.3560    5.9838    5.9838    6.0003    6.0631    7.3151    7.3151    8.3184    8.3184    8.8664    9.0324    9.7152    9.9166   10.5334   10.7687   11.1791   11.1791   11.6358   11.6358   12.1431   12.1431   12.8659   12.8708   14.3799   14.6722   15.1622   15.1622   15.6097   15.6597   16.2387   16.2387   16.3301   16.4503   17.6325   17.7229   17.7229   17.8519   18.3225   18.3949
  1.4770  -11.4637  -11.3251  -10.6340  -10.6340   -6.3946   -6.3946   -5.3957   -5.1665   -3.2745   -3.2745   -2.0210   -2.0210   -1.9995   -1.6823   -1.5770   -1.4270    1.9584    2.1141    2.8048    2.8048    3.9084    3.9154    4.0629    4.0629    5.2825    5.5386    5.7547    5.8702    6.0814    6.0814    7.2611    7.2611    8.1709    8.1709    8.7122    9.0690    9.7082   10.0939   10.3883   10.8441   11.3645   11.3645   11.8130   11.8130   12.1719   12.1719   12.7553   12.8741   14.4495   14.9974   15.3687   15.3687   15.5722   15.7784   15.9684   16.1744   16.5631   16.5631   17.2431   17.5653   17.5653   17.7012   18.4711   18.5782
  1.5298  -11.6073  -11.2514  -10.5929  -10.5929   -6.3873   -6.3873   -5.4374   -4.8228   -3.3825   -3.3825   -2.2492   -2.1279   -2.1279   -1.7204   -1.4800   -1.3320    1.9282    2.2082    2.7793    2.7793    3.8378    3.8906    4.2744    4.2744    5.1893    5.5500    5.7482    5.8749    5.9891    5.9891    7.1716    7.1716    8.3024    8.3024    8.3788    9.2760    9.5831   10.0572   10.5231   11.1473   11.4601   11.4601   12.1194   12.1194   12.2304   12.2304   12.4063   12.9098   14.2476   15.1124   15.3402   15.3402   15.5134   16.0387   16.0628   16.1899   16.6370   16.9552   16.9552   17.4535   17.4535   17.7168   18.3828   18.3828
  1.5827  -11.7464  -11.1662  -10.5531  -10.5531   -6.3839   -6.3839   -5.5039   -4.4522   -3.4594   -3.4594   -2.4595   -2.2276   -2.2276   -1.8616   -1.2811   -1.2236    1.8934    2.1821    2.6474    2.6474    3.7633    3.8056    4.5528    4.5528    5.0722    5.5567    5.6080    5.7223    5.7223    6.2407    7.2660    7.2660    8.1037    8.5402    8.5402    9.4701    9.4935    9.7854   10.9796   11.4343   11.5027   11.5027   11.9623   12.2836   12.2836   12.5340   12.5340   12.9862   14.0671   14.6812   15.2286   15.2286   15.4870   15.9112   16.0029   16.7004   16.8942   16.9561   16.9561   17.5691   17.5691   17.7169   18.3981   18.3982
  1.6355  -11.8781  -11.0708  -10.5148  -10.5148   -6.3905   -6.3905   -5.5997   -4.0585   -3.4966   -3.4966   -2.6213   -2.3168   -2.3168   -1.9971   -1.1033   -1.0886    1.8517    2.0844    2.4715    2.4715    3.5943    3.6880    4.5904    4.5904    4.9292    5.4210    5.6613    5.6613    5.8020    6.6307    7.4778    7.4778    7.9365    8.8136    8.8136    9.4017    9.5786    9.6414   11.4284   11.5202   11.5329   11.5329   11.6958   12.3443   12.3443   12.9852   12.9852   13.1280   13.9084   14.2002   15.0855   15.0855   15.3127   15.4909   16.0034   16.7430   16.7430   17.4552   17.5653   17.6069   17.6069   17.7094   18.4328   18.4346
  1.6883  -12.0003  -10.9670  -10.4780  -10.4780   -6.4113   -6.4113   -5.7252   -3.6449   -3.4884   -3.4884   -2.7311   -2.3941   -2.3941   -2.1241   -0.9732   -0.9055    1.7992    1.9568    2.2847    2.2847    3.3007    3.6171    4.2344    4.2344    4.7611    5.1745    6.0135    6.0135    6.2067    7.0394    7.7385    7.7385    7.8982    9.0995    9.0995    9.2685    9.4384    9.7858   11.1493   11.5686   11.5686   11.8166   11.9225   12.3892   12.3892   13.3752   13.4529   13.4529   13.7288   13.7712   14.7273   14.9359   14.9359   15.5124   16.0724   16.4775   16.4775   17.5399   17.5399   17.6828   17.7788   18.2503   18.3906   18.4113
  1.7411  -12.1113  -10.8574  -10.4430  -10.4430   -6.4472   -6.4472   -5.8760   -3.4339   -3.4339   -3.2148   -2.7914   -2.4595   -2.4595   -2.2405   -0.8361   -0.7354    1.7294    1.8239    2.1031    2.1031    2.9794    3.5564    3.7551    3.7551    4.5728    4.8819    6.5247    6.5247    6.6959    7.4608    7.9790    8.0212    8.0212    9.0578    9.3626    9.3848    9.3848    9.9033   10.9030   11.6192   11.6192   12.0965   12.1089   12.4145   12.4145   13.2774   13.6543   13.7571   13.8660   13.8660   14.1633   14.8327   14.8327   15.5210   16.1836   16.1836   16.2131   17.1259   17.4564   17.4564   17.6084   18.0678   18.0906   18.0910
  1.7940  -12.2096  -10.7451  -10.4103  -10.4103   -6.4956   -6.4956   -6.0432   -3.3372   -3.3372   -2.8098   -2.7712   -2.5134   -2.5134   -2.3443   -0.6955   -0.5817    1.6321    1.6987    1.9351    1.9351    2.6613    3.2652    3.2652    3.5118    4.3721    4.5720    7.0867    7.0867    7.2276    7.8871    8.1498    8.3140    8.3140    8.7701    9.3458    9.6577    9.6577    9.9965   10.7963   11.6915   11.6915   12.2553   12.2697   12.4212   12.4212   12.8504   13.5551   13.6217   14.0404   14.0404   14.2270   14.9035   14.9035   15.4834   15.9182   15.9182   16.4105   16.4772   17.2065   17.2065   17.4034   17.5091   17.7244   17.7244
  1.8468  -12.2942  -10.6342  -10.3804  -10.3804   -6.5513   -6.5513   -6.2151   -3.2074   -3.2074   -2.7965   -2.5566   -2.5566   -2.4343   -2.3175   -0.5564   -0.4476    1.4941    1.5890    1.7858    1.7858    2.3635    2.7991    2.7991    3.4876    4.1696    4.2754    7.6649    7.6649    7.7768    8.3019    8.3084    8.5253    8.6083    8.6083    9.3799    9.9050    9.9050   10.0708   10.8010   11.7912   11.7912   12.3691   12.3723   12.4165   12.4165   12.4518   13.1026   13.4692   13.9374   13.9374   14.5498   14.9475   14.9475   15.5309   15.8711   15.9189   15.9189   16.4693   16.6624   16.6624   16.9982   17.5106   17.7489   17.7489
  1.8996  -12.3644  -10.5298  -10.3542  -10.3542   -6.6078   -6.6078   -6.3795   -3.0579   -3.0579   -2.7633   -2.5901   -2.5901   -2.5092   -1.8575   -0.4249   -0.3358    1.3021    1.4994    1.6585    1.6585    2.0974    2.3767    2.3767    3.4852    3.9774    4.0171    8.0421    8.2355    8.2355    8.3217    8.7104    8.7408    8.8956    8.8956    9.4549   10.1116   10.1116   10.1332   10.8771   11.9215   11.9215   12.0866   12.4157   12.4157   12.4356   12.4636   12.6075   13.3903   13.7368   13.7368   14.3765   14.6518   14.6518   15.3229   15.9773   15.9773   15.9970   16.0157   16.4618   16.4618   17.2309   17.6714   17.9149   17.9150
  1.9524  -12.4195  -10.4380  -10.3325  -10.3325   -6.6591   -6.6591   -6.5240   -2.9059   -2.9059   -2.7218   -2.6150   -2.6150   -2.5683   -1.3954   -0.3085   -0.2481    1.0481    1.4336    1.5547    1.5547    1.8719    2.0165    2.0165    3.5014    3.8083    3.8134    7.7416    8.7694    8.7694    8.8337    9.0622    9.0730    9.1646    9.1646    9.5579   10.1943   10.2646   10.2646   10.9908   11.7631   12.0787   12.0787   12.1414   12.4454   12.4454   12.4798   12.5553   13.3099   13.5164   13.5164   13.9478   14.2112   14.2112   14.8494   15.5018   15.5018   15.5152   16.6932   17.0242   17.0242   17.6463   17.9549   18.1578   18.1578
  2.0053  -12.4592  -10.3655  -10.3162  -10.3162   -6.6997   -6.6997   -6.6372   -2.7720   -2.7720   -2.6827   -2.6320   -2.6320   -2.6109   -0.9367   -0.2160   -0.1853    0.7337    1.3943    1.4734    1.4734    1.6945    1.7411    1.7411    3.5274    3.6705    3.6751    7.4995    9.2218    9.2218    9.2644    9.3689    9.3926    9.3985    9.3985    9.6704   10.2701   10.3596   10.3596   11.1113   11.4957   11.7191   12.2523   12.2523   12.5209   12.5408   12.5408   12.6594   13.2168   13.2979   13.2979   13.4798   13.7296   13.7296   14.4739   15.0967   15.0967   15.1033   17.4581   17.6735   17.6735   18.1290   18.3092   18.4561   18.4567
  2.0581  -12.4831  -10.3188  -10.3060  -10.3060   -6.7256   -6.7256   -6.7096   -2.6788   -2.6788   -2.6552   -2.6420   -2.6420   -2.6366   -0.4900   -0.1560   -0.1476    0.3703    1.3813    1.4114    1.4114    1.5735    1.5763    1.5763    3.5507    3.5872    3.5895    7.3429    9.5287    9.5287    9.5442    9.5660    9.5694    9.5694    9.6765    9.7641   10.3662   10.4064   10.4064   11.2057   11.3103   11.3839   12.4541   12.4541   12.5795   12.7101   12.7101   12.7823   13.0756   13.0756   13.0782   13.1032   13.2791   13.2791   14.2268   14.8291   14.8291   14.8304   18.2120   18.3029   18.3029   18.6566   18.6978   18.7964   18.8051
  2.1109  -12.4911  -10.3026  -10.3026  -10.3026   -6.7346   -6.7346   -6.7346   -2.6452   -2.6452   -2.6452   -2.6452   -2.6452   -2.6452   -0.1351   -0.1351   -0.1351    0.0425    1.3828    1.3828    1.3828    1.5267    1.5267    1.5267    3.5600    3.5600    3.5600    7.2887    9.6356    9.6356    9.6356    9.6356    9.6356    9.6356    9.8020    9.8020   10.4205   10.4205   10.4205   11.2420   11.2420   11.2420   12.6439   12.6439   12.6439   12.8771   12.8771   12.8771   12.8771   12.8771   12.8771   13.0119   13.0119   13.0119   14.1396   14.7345   14.7345   14.7345   18.6237   18.6237   18.6238   19.1140   19.1161   19.1197   19.1337
  2.1109  -12.4911  -10.3026  -10.3026  -10.3026   -6.7346   -6.7346   -6.7346   -2.6452   -2.6452   -2.6452   -2.6452   -2.6452   -2.6452   -0.1351   -0.1351   -0.1351    0.0425    1.3828    1.3828    1.3828    1.5267    1.5267    1.5267    3.5600    3.5600    3.5600    7.2887    9.6356    9.6356    9.6356    9.6356    9.6356    9.6356    9.8020    9.8020   10.4205   10.4205   10.4205   11.2420   11.2420   11.2420   12.6439   12.6439   12.6439   12.8771   12.8771   12.8771   12.8771   12.8771   12.8771   13.0119   13.0119   13.0119   14.1396   14.7345   14.7345   14.7345   18.6237   18.6238   18.6238   19.1138   19.1166   19.1187   19.1371
  2.1607  -12.4840  -10.3094  -10.3094  -10.3094   -6.7219   -6.7219   -6.7219   -2.6708   -2.6708   -2.6708   -2.6380   -2.6380   -2.6380   -0.4692   -0.1463   -0.1463    0.3450    1.3986    1.3986    1.3986    1.5707    1.5707    1.5707    3.5685    3.5769    3.5769    7.3370    9.5436    9.5436    9.5436    9.5768    9.5768    9.5768    9.7283    9.7283   10.3964   10.3964   10.3964   11.1938   11.3446   11.3446   12.5139   12.5139   12.5139   12.7092   12.7092   12.7092   13.1236   13.1236   13.1236   13.1670   13.1670   13.1670   14.2169   14.8194   14.8194   14.8194   18.2835   18.2835   18.2835   18.8230   18.8241   18.8345   18.8488
  2.2105  -12.4627  -10.3295  -10.3295  -10.3295   -6.6849   -6.6849   -6.6849   -2.7425   -2.7425   -2.7425   -2.6164   -2.6164   -2.6164   -0.8981   -0.1789   -0.1789    0.6759    1.4338    1.4338    1.4338    1.7098    1.7098    1.7098    3.6009    3.6261    3.6261    7.4770    9.2802    9.2802    9.2802    9.4081    9.4081    9.4081    9.5535    9.5535   10.3464   10.3464   10.3464   11.0652   11.6066   11.6066   12.4021   12.4021   12.4021   12.4999   12.4999   12.4999   13.3401   13.3401   13.3401   13.5466   13.5466   13.5466   14.4340   15.0631   15.0631   15.0631   17.6060   17.6060   17.6060   18.5284   18.5324   18.5828   18.5887
  2.2603  -12.4275  -10.3613  -10.3613  -10.3613   -6.6269   -6.6269   -6.6269   -2.8466   -2.8466   -2.8466   -2.5807   -2.5807   -2.5807   -1.3426   -0.2304   -0.2304    0.9474    1.4808    1.4808    1.4808    1.9390    1.9390    1.9390    3.6747    3.7037    3.7037    7.6951    8.8894    8.8894    8.8894    9.1489    9.1489    9.1489    9.3457    9.3457   10.2950   10.2950   10.2950   10.8921   11.9614   11.9614   12.3116   12.3116   12.3116   12.3475   12.3475   12.3475   13.4758   13.4758   13.4758   14.0239   14.0239   14.0239   14.7592   15.4344   15.4344   15.4344   16.9077   16.9077   16.9077   18.2536   18.2567   18.2697   18.3780
  2.3101  -12.3784  -10.4028  -10.4028  -10.4028   -6.5532   -6.5532   -6.5532   -2.9658   -2.9658   -2.9658   -2.5311   -2.5311   -2.5311   -1.7941   -0.2971   -0.2971    1.1428    1.5406    1.5406    1.5406    2.2411    2.2411    2.2411    3.8035    3.8035    3.8098    7.9696    8.4251    8.4251    8.4251    8.8234    8.8234    8.8234    9.1440    9.1440   10.2459   10.2459   10.2459   10.7131   12.1486   12.1486   12.1486   12.3244   12.3244   12.3244   12.3721   12.3721   13.5760   13.5760   13.5760   14.4762   14.4762   14.4762   15.1630   15.8941   15.8941   15.8941   16.2770   16.2770   16.2770   18.0407   18.0408   18.0458   18.1996
  2.3599  -12.3160  -10.4515  -10.4515  -10.4515   -6.4708   -6.4708   -6.4708   -3.0825   -3.0825   -3.0825   -2.4683   -2.4683   -2.4683   -2.2470   -0.3751   -0.3751    1.2577    1.6138    1.6138    1.6138    2.5995    2.5995    2.5995    3.9178    3.9178    4.0169    7.9268    7.9268    7.9268    8.2679    8.4545    8.4545    8.4545    8.9686    8.9686   10.1967   10.1967   10.1967   10.5680   12.0090   12.0090   12.0090   12.3139   12.3139   12.3139   12.8220   12.8220   13.6423   13.6423   13.6423   14.6922   14.6922   14.6922   15.6247   15.9056   15.9056   15.9056   16.4040   16.4040   16.4040   17.9087   17.9098   17.9109   18.0738
  2.4098  -12.2408  -10.5050  -10.5050  -10.5050   -6.3882   -6.3882   -6.3882   -3.1800   -3.1800   -3.1800   -2.6969   -2.3929   -2.3929   -2.3929   -0.4604   -0.4604    1.3019    1.6992    1.6992    1.6992    2.9993    2.9993    2.9993    4.0382    4.0382    4.2920    7.4204    7.4204    7.4204    8.0605    8.0605    8.0605    8.5405    8.8318    8.8318   10.1455   10.1455   10.1455   10.5074   11.8893   11.8893   11.8893   12.3031   12.3031   12.3031   13.3027   13.3027   13.6729   13.6729   13.6729   14.3866   14.3866   14.3866   16.0515   16.0515   16.0515   16.1304   16.9144   16.9144   16.9144   17.8962   17.8986   17.9068   18.0234
  2.4596  -12.1534  -10.5610  -10.5610  -10.5610   -6.3146   -6.3146   -6.3146   -3.2438   -3.2438   -3.2438   -3.1399   -2.3059   -2.3059   -2.3059   -0.5494   -0.5494    1.2939    1.7944    1.7944    1.7944    3.4256    3.4256    3.4256    4.1561    4.1561    4.6217    6.9262    6.9262    6.9262    7.6553    7.6553    7.6553    8.7226    8.7429    8.7429   10.0910   10.0910   10.0910   10.5931   11.7872   11.7872   11.7872   12.2820   12.2820   12.2820   13.6655   13.6655   13.6655   13.8092   13.8092   13.8471   13.8471   13.8471   16.3909   16.3909   16.3909   16.6689   17.3204   17.3204   17.3204   18.0741   18.0743   18.0851   18.1005
  2.5094  -12.0548  -10.6175  -10.6175  -10.6175   -6.2588   -6.2588   -6.2588   -3.5726   -3.2617   -3.2617   -3.2617   -2.2085   -2.2085   -2.2085   -0.6390   -0.6390    1.2522    1.8952    1.8952    1.8952    3.8579    3.8579    3.8579    4.2631    4.2631    4.9907    6.4686    6.4686    6.4686    7.2491    7.2491    7.2491    8.7095    8.7095    8.7786   10.0309   10.0309   10.0309   10.8554   11.7006   11.7006   11.7006   12.2386   12.2386   12.2386   13.2901   13.2901   13.2901   13.6209   13.6209   13.6209   14.3377   14.3377   16.6804   16.6804   16.6804   17.2248   17.5606   17.5606   17.5606   18.2271   18.2271   18.2272   18.5757
  2.5592  -11.9462  -10.6727  -10.6727  -10.6727   -6.2269   -6.2269   -6.2269   -3.9918   -3.2257   -3.2257   -3.2257   -2.1021   -2.1021   -2.1021   -0.7267   -0.7267    1.1914    1.9946    1.9946    1.9946    4.2530    4.2530    4.2530    4.3528    4.3528    5.3859    6.0953    6.0953    6.0953    6.8499    6.8499    6.8499    8.7368    8.7368    8.7388    9.9615    9.9615    9.9615   11.2566   11.6285   11.6285   11.6285   12.1458   12.1458   12.1458   12.7935   12.7935   12.7935   13.5437   13.5437   13.5437   14.8839   14.8839   16.8760   16.8760   16.8760   17.7244   17.7571   17.7571   17.7571   18.3450   18.3457   18.3820   18.3820
  2.6090  -11.8292  -10.7252  -10.7252  -10.7252   -6.2209   -6.2209   -6.2209   -4.3941   -3.1329   -3.1329   -3.1329   -1.9886   -1.9886   -1.9886   -0.8104   -0.8104    1.1219    2.0812    2.0812    2.0812    4.4212    4.4212    4.5041    4.5041    4.5041    5.7964    5.9206    5.9206    5.9206    6.4639    6.4639    6.4639    8.6551    8.8277    8.8277    9.8765    9.8765    9.8765   11.5700   11.5700   11.5700   11.7337   11.9294   11.9294   11.9294   12.4549   12.4549   12.4549   13.4416   13.4416   13.4416   15.4379   15.4379   16.9955   16.9955   16.9955   17.6654   17.6733   17.6733   17.9820   17.9820   17.9821   18.3101   18.3101
  2.6588  -11.7057  -10.7740  -10.7740  -10.7740   -6.2381   -6.2381   -6.2381   -4.7761   -2.9859   -2.9859   -2.9859   -1.8705   -1.8705   -1.8705   -0.8886   -0.8886    1.0504    2.1361    2.1361    2.1361    4.4671    4.4671    4.4938    4.4938    4.4938    6.0739    6.0739    6.0739    6.0965    6.0965    6.0965    6.2112    8.5662    8.9817    8.9817    9.7670    9.7670    9.7670   11.5244   11.5244   11.5244   11.5929   11.5929   11.5929   12.2305   12.2935   12.2935   12.2935   13.3235   13.3235   13.3235   15.9515   15.9515   17.0143   17.0143   17.0143   17.0791   17.0791   17.1889   17.9923   17.9923   17.9932   18.2494   18.2494
  2.7086  -11.5785  -10.8183  -10.8183  -10.8183   -6.2729   -6.2729   -6.2729   -5.1338   -2.7913   -2.7913   -2.7913   -1.7504   -1.7504   -1.7504   -0.9598   -0.9598    0.9815    2.1320    2.1320    2.1320    4.3400    4.3400    4.3400    4.4927    4.4927    5.7530    5.7530    5.7530    6.4533    6.4533    6.4533    6.6150    8.5008    9.1954    9.1954    9.6259    9.6259    9.6259   11.2734   11.2734   11.2734   11.4907   11.4907   11.4907   12.1960   12.1960   12.1960   12.6868   13.1978   13.1978   13.1978   16.0381   16.0381   16.7529   16.7626   16.7626   16.7626   16.9495   16.9495   17.7793   17.7793   17.7793   18.5585   18.5585
  2.7584  -11.4508  -10.8575  -10.8575  -10.8575   -6.3181   -6.3181   -6.3181   -5.4630   -2.5581   -2.5581   -2.5581   -1.6319   -1.6319   -1.6319   -1.0232   -1.0232    0.9182    2.0404    2.0404    2.0404    4.2092    4.2092    4.2092    4.5018    4.5018    5.4384    5.4384    5.4384    6.8987    6.8987    6.8987    6.9811    8.4910    9.4624    9.4624    9.4624    9.4633    9.4633   11.0357   11.0357   11.0357   11.4679   11.4679   11.4679   12.1157   12.1157   12.1157   13.0175   13.0721   13.0721   13.0721   15.5318   15.5318   16.2074   16.2074   16.2074   16.4795   17.4510   17.4510   17.8183   17.8183   17.8183   18.9053   18.9053
  2.8082  -11.3271  -10.8911  -10.8911  -10.8911   -6.3670   -6.3670   -6.3670   -5.7586   -2.2964   -2.2964   -2.2964   -1.5190   -1.5190   -1.5190   -1.0779   -1.0779    0.8623    1.8531    1.8531    1.8531    4.1632    4.1632    4.1632    4.4994    4.4994    5.1579    5.1579    5.1579    7.2659    7.3117    7.3117    7.3117    8.5810    9.3236    9.3236    9.3236    9.7783    9.7783   10.8913   10.8913   10.8913   11.4546   11.4546   11.4546   12.0438   12.0438   12.0438   12.9528   12.9528   12.9528   13.1243   14.9424   14.9424   15.5377   15.5377   15.5377   16.4704   17.9642   17.9642   17.9642   18.0750   18.0750   19.2853   19.2853
  2.8580  -11.2124  -10.9188  -10.9188  -10.9188   -6.4139   -6.4139   -6.4139   -6.0147   -2.0176   -2.0176   -2.0176   -1.4164   -1.4164   -1.4164   -1.1233   -1.1233    0.8153    1.5937    1.5937    1.5937    4.1961    4.1961    4.1961    4.4904    4.4904    4.9172    4.9172    4.9172    7.4339    7.5942    7.5942    7.5942    8.8028    9.3009    9.3009    9.3009   10.1324   10.1324   10.8347   10.8347   10.8347   11.4491   11.4491   11.4491   11.9806   11.9806   11.9806   12.8456   12.8456   12.8456   12.9829   14.3576   14.3576   14.8392   14.8392   14.8392   16.7507   18.1479   18.1479   18.1479   18.7357   18.7357   19.6945   19.6945
  2.9078  -11.1129  -10.9405  -10.9405  -10.9405   -6.4545   -6.4545   -6.4545   -6.2247   -1.7370   -1.7370   -1.7370   -1.3291   -1.3291   -1.3291   -1.1591   -1.1591    0.7780    1.3024    1.3024    1.3024    4.2749    4.2749    4.2749    4.4790    4.4790    4.7219    4.7219    4.7219    7.5048    7.6797    7.6797    7.6797    9.1265    9.4529    9.4529    9.4529   10.5158   10.5158   10.8700   10.8700   10.8700   11.4490   11.4490   11.4490   11.9284   11.9284   11.9284   12.6785   12.7554   12.7554   12.7554   13.7959   13.7959   14.1459   14.1459   14.1459   17.2373   18.3412   18.3412   18.3412   19.4193   19.4193   20.1291   20.1324
  2.9576  -11.0353  -10.9561  -10.9561  -10.9561   -6.4856   -6.4856   -6.4856   -6.3815   -1.4783   -1.4783   -1.4783   -1.2622   -1.2622   -1.2622   -1.1848   -1.1848    0.7511    1.0240    1.0240    1.0240    4.3641    4.3641    4.3641    4.4685    4.4685    4.5775    4.5775    4.5775    7.5262    7.6318    7.6318    7.6318    9.4809    9.6839    9.6839    9.6839   10.9115   10.9115   11.0218   11.0218   11.0218   11.4518   11.4518   11.4518   11.8911   11.8911   11.8911   12.3203   12.6869   12.6869   12.6869   13.2739   13.2739   13.4854   13.4854   13.4854   17.8250   18.5196   18.5196   18.5196   20.1196   20.1229   20.3866   20.3986
  3.0074  -10.9857  -10.9654  -10.9654  -10.9654   -6.5051   -6.5051   -6.5051   -6.4787   -1.2820   -1.2820   -1.2820   -1.2200   -1.2200   -1.2200   -1.2004   -1.2004    0.7348    0.8117    0.8117    0.8117    4.4329    4.4329    4.4329    4.4612    4.4612    4.4887    4.4887    4.4887    7.5298    7.5601    7.5601    7.5601    9.7803    9.8512    9.8512    9.8512   11.2754   11.2754   11.2841   11.2841   11.2841   11.4549   11.4549   11.4549   11.8755   11.8755   11.8755   12.0130   12.6439   12.6439   12.6439   12.8350   12.8350   12.9130   12.9130   12.9130   18.4017   18.6518   18.6518   18.6518   20.3622   20.3622   20.3627   20.6782
  3.0572  -10.9686  -10.9686  -10.9686  -10.9686   -6.5117   -6.5117   -6.5117   -6.5117   -1.2056   -1.2056   -1.2056   -1.2056   -1.2056   -1.2056   -1.2056   -1.2056    0.7293    0.7293    0.7293    0.7293    4.4587    4.4587    4.4587    4.4587    4.4587    4.4587    4.4587    4.4587    7.5296    7.5296    7.5296    7.5296    9.9060    9.9060    9.9060    9.9060   11.4562   11.4562   11.4562   11.4562   11.4562   11.4562   11.4562   11.4562   11.8837   11.8837   11.8837   11.8837   12.6293   12.6293   12.6293   12.6293   12.6293   12.6293   12.6293   12.6293   18.7019   18.7019   18.7019   18.7019   20.3445   20.3445   20.3445   20.3445
  3.0572  -10.9686  -10.9686  -10.9686  -10.9686   -6.5117   -6.5117   -6.5117   -6.5117   -1.2056   -1.2056   -1.2056   -1.2056   -1.2056   -1.2056   -1.2056   -1.2056    0.7293    0.7293    0.7293    0.7293    4.4587    4.4587    4.4587    4.4587    4.4587    4.4587    4.4587    4.4587    7.5296    7.5296    7.5296    7.5296    9.9060    9.9060    9.9060    9.9060   11.4562   11.4562   11.4562   11.4562   11.4562   11.4562   11.4562   11.4562   11.8837   11.8837   11.8837   11.8837   12.6293   12.6293   12.6293   12.6293   12.6293   12.6293   12.6293   12.6293   18.7019   18.7019   18.7019   18.7019   20.3445   20.3445   20.3445   20.3445
  3.0776  -10.9702  -10.9702  -10.9676  -10.9676   -6.5112   -6.5112   -6.5079   -6.5079   -1.2212   -1.2212   -1.2093   -1.2093   -1.2077   -1.2077   -1.2066   -1.2066    0.7352    0.7352    0.7452    0.7452    4.4544    4.4544    4.4565    4.4565    4.4616    4.4616    4.4635    4.4635    7.5317    7.5317    7.5356    7.5356    9.8887    9.8887    9.8988    9.8988   11.4088   11.4088   11.4340   11.4340   11.4465   11.4465   11.4486   11.4486   11.8778   11.8778   11.8959   11.8959   12.6400   12.6400   12.6420   12.6420   12.6719   12.6719   12.6880   12.6880   18.6619   18.6619   18.6997   18.6997   20.3402   20.3402   20.3852   20.3852
  3.0979  -10.9749  -10.9749  -10.9648  -10.9648   -6.5095   -6.5095   -6.4963   -6.4963   -1.2666   -1.2666   -1.2205   -1.2205   -1.2142   -1.2142   -1.2097   -1.2097    0.7529    0.7529    0.7913    0.7913    4.4419    4.4419    4.4501    4.4501    4.4703    4.4703    4.4780    4.4780    7.5374    7.5374    7.5530    7.5530    9.8374    9.8374    9.8778    9.8778   11.2926   11.2926   11.3638   11.3638   11.4238   11.4238   11.4269   11.4269   11.8729   11.8729   11.9272   11.9272   12.6713   12.6713   12.6799   12.6799   12.7841   12.7841   12.8430   12.8430   18.5527   18.5527   18.6931   18.6931   20.3269   20.3272   20.4966   20.4981
  3.1182  -10.9828  -10.9828  -10.9601  -10.9601   -6.5068   -6.5068   -6.4771   -6.4771   -1.3374   -1.3374   -1.2386   -1.2386   -1.2250   -1.2250   -1.2148   -1.2148    0.7817    0.7817    0.8633    0.8633    4.4217    4.4217    4.4397    4.4397    4.4847    4.4847    4.5023    4.5023    7.5461    7.5461    7.5804    7.5804    9.7549    9.7549    9.8445    9.8445   11.1474   11.1474   11.2511   11.2511   11.3931   11.3931   11.3976   11.3976   11.8810   11.8810   11.9721   11.9721   12.7211   12.7211   12.7422   12.7422   12.9390   12.9390   13.0576   13.0576   18.3962   18.3962   18.6818   18.6818   20.3030   20.3034   20.6438   20.6553
  3.1386  -10.9937  -10.9937  -10.9535  -10.9535   -6.5030   -6.5030   -6.4505   -6.4505   -1.4285   -1.4285   -1.2629   -1.2629   -1.2401   -1.2401   -1.2219   -1.2219    0.8210    0.8210    0.9557    0.9557    4.3950    4.3950    4.4253    4.4253    4.5049    4.5049    4.5364    4.5364    7.5559    7.5559    7.6153    7.6153    9.6458    9.6458    9.8017    9.8017   10.9971   10.9971   11.1123   11.1123   11.3500   11.3500   11.3735   11.3735   11.8986   11.8986   12.0285   12.0285   12.7867   12.7867   12.8273   12.8273   13.1183   13.1183   13.3065   13.3065   18.2123   18.2123   18.6655   18.6655   20.2663   20.2663   20.3413   20.3415
  3.1589  -11.0074  -11.0074  -10.9451  -10.9451   -6.4982   -6.4982   -6.4166   -6.4166   -1.5346   -1.5346   -1.2925   -1.2925   -1.2595   -1.2595   -1.2309   -1.2309    0.8698    0.8698    1.0634    1.0634    4.3630    4.3630    4.4075    4.4075    4.5305    4.5305    4.5805    4.5805    7.5643    7.5643    7.6545    7.6545    9.5168    9.5168    9.7522    9.7522   10.8525   10.8525   10.9621   10.9621   11.3002   11.3002   11.3541   11.3541   11.9196   11.9196   12.0944   12.0944   12.8653   12.8653   12.9327   12.9327   13.3120   13.3120   13.5758   13.5758   18.0145   18.0145   18.6437   18.6437   20.0436   20.0437   20.2146   20.2153
  3.1792  -11.0238  -11.0238  -10.9349  -10.9349   -6.4925   -6.4925   -6.3756   -6.3756   -1.6513   -1.6513   -1.3265   -1.3265   -1.2833   -1.2833   -1.2417   -1.2417    0.9270    0.9270    1.1815    1.1815    4.3271    4.3271    4.3864    4.3864    4.5615    4.5615    4.6347    4.6347    7.5676    7.5676    7.6939    7.6939    9.3767    9.3767    9.6989    9.6989   10.7172   10.7172   10.8106   10.8106   11.2462   11.2462   11.3406   11.3406   11.9406   11.9406   12.1675   12.1675   12.9546   12.9546   13.0556   13.0556   13.5151   13.5151   13.8575   13.8575   17.8117   17.8117   18.6159   18.6159   19.7479   19.7479   20.1469   20.1483
  3.1996  -11.0426  -11.0426  -10.9228  -10.9228   -6.4860   -6.4860   -6.3280   -6.3280   -1.7751   -1.7751   -1.3639   -1.3639   -1.3113   -1.3113   -1.2542   -1.2542    0.9915    0.9915    1.3065    1.3065    4.2887    4.2887    4.3626    4.3626    4.5978    4.5978    4.6991    4.6991    7.5605    7.5605    7.7290    7.7290    9.2355    9.2355    9.6438    9.6438   10.5918   10.5918   10.6658   10.6658   11.1897   11.1897   11.3331   11.3331   11.9604   11.9604   12.2458   12.2458   13.0527   13.0527   13.1927   13.1927   13.7245   13.7245   14.1462   14.1462   17.6105   17.6105   18.5816   18.5816   19.4550   19.4550   20.0631   20.0843
  3.2199  -11.0636  -11.0636  -10.9091  -10.9091   -6.4787   -6.4787   -6.2739   -6.2739   -1.9032   -1.9032   -1.4037   -1.4037   -1.3435   -1.3435   -1.2683   -1.2683    1.0623    1.0623    1.4354    1.4354    4.2493    4.2493    4.3363    4.3363    4.6389    4.6389    4.7738    4.7738    7.5364    7.5364    7.7551    7.7551    9.1046    9.1046    9.5868    9.5868   10.4753   10.4753   10.5360   10.5360   11.1324   11.1324   11.3313   11.3313   11.9788   11.9788   12.3273   12.3273   13.1582   13.1582   13.3415   13.3415   13.9384   13.9384   14.4376   14.4376   17.4166   17.4166   18.5405   18.5405   19.1652   19.1652   19.9664   20.0103
  3.2402  -11.0865  -11.0865  -10.8936  -10.8936   -6.4708   -6.4708   -6.2139   -6.2139   -2.0334   -2.0334   -1.4453   -1.4453   -1.3800   -1.3800   -1.2837   -1.2837    1.1383    1.1383    1.5659    1.5659    4.2100    4.2100    4.3082    4.3082    4.6849    4.6849    4.8587    4.8587    7.4880    7.4880    7.7681    7.7681    8.9949    8.9949    9.5243    9.5243   10.3664   10.3664   10.4310   10.4310   11.0751   11.0751   11.3348   11.3348   11.9961   11.9961   12.4101   12.4101   13.2701   13.2701   13.4996   13.4996   14.1556   14.1556   14.7266   14.7266   17.2359   17.2359   18.4921   18.4921   18.8788   18.8788   19.8584   19.8729
  3.2606  -11.1112  -11.1112  -10.8765  -10.8765   -6.4624   -6.4624   -6.1481   -6.1481   -2.1640   -2.1640   -1.4877   -1.4877   -1.4205   -1.4205   -1.3005   -1.3005    1.2185    1.2185    1.6962    1.6962    4.1721    4.1721    4.2784    4.2784    4.7353    4.7353    4.9538    4.9538    7.4094    7.4094    7.7650    7.7650    8.9151    8.9151    9.4498    9.4498   10.2643   10.2643   10.3621   10.3621   11.0189   11.0189   11.3432   11.3432   12.0126   12.0126   12.4923   12.4923   13.3874   13.3874   13.6650   13.6650   14.3751   14.3751   15.0062   15.0062   17.0768   17.0768   18.4365   18.4365   18.5962   18.5962   19.7163   19.7380
  3.2809  -11.1373  -11.1373  -10.8579  -10.8579   -6.4538   -6.4538   -6.0772   -6.0772   -2.2938   -2.2938   -1.5303   -1.5303   -1.4651   -1.4651   -1.3184   -1.3184    1.3021    1.3021    1.8251    1.8251    4.1366    4.1366    4.2473    4.2473    4.7898    4.7898    5.0585    5.0585    7.2990    7.2990    7.7446    7.7446    8.8684    8.8684    9.3571    9.3571   10.1685   10.1685   10.3378   10.3378   10.9644   10.9644   11.3562   11.3562   12.0284   12.0284   12.5720   12.5720   13.5094   13.5094   13.8360   13.8360   14.5962   14.5962   15.2648   15.2648   16.9521   16.9521   18.3176   18.3176   18.3738   18.3738   19.5183   19.5696
  3.3012  -11.1645  -11.1645  -10.8377  -10.8377   -6.4450   -6.4450   -6.0015   -6.0015   -2.4215   -2.4215   -1.5725   -1.5725   -1.5136   -1.5136   -1.3372   -1.3372    1.3879    1.3879    1.9516    1.9516    4.1044    4.1044    4.2152    4.2152    4.8482    4.8482    5.1723    5.1723    7.1604    7.1604    7.7076    7.7076    8.8526    8.8526    9.2445    9.2445   10.0789   10.0789   10.3601   10.3601   10.9121   10.9121   11.3735   11.3735   12.0439   12.0439   12.6472   12.6472   13.6357   13.6357   14.0113   14.0113   14.8182   14.8182   15.4828   15.4828   16.8828   16.8828   18.0432   18.0432   18.3043   18.3043   19.3109   19.3191
  3.3215  -11.1926  -11.1926  -10.8161  -10.8161   -6.4363   -6.4363   -5.9214   -5.9214   -2.5462   -2.5462   -1.6138   -1.6138   -1.5660   -1.5660   -1.3568   -1.3568    1.4753    1.4753    2.0749    2.0749    4.0761    4.0761    4.1822    4.1822    4.9101    4.9101    5.2941    5.2941    7.0003    7.0003    7.6567    7.6567    8.8610    8.8610    9.1152    9.1152    9.9965    9.9965   10.4242   10.4242   10.8625   10.8625   11.3950   11.3950   12.0591   12.0591   12.7156   12.7156   13.7658   13.7658   14.1898   14.1898   15.0404   15.0404   15.6332   15.6332   16.8971   16.8971   17.7733   17.7733   18.2285   18.2285   19.1032   19.1076
  3.3419  -11.2214  -11.2214  -10.7931  -10.7931   -6.4278   -6.4278   -5.8375   -5.8375   -2.6671   -2.6671   -1.6537   -1.6537   -1.6219   -1.6219   -1.3771   -1.3771    1.5632    1.5632    2.1947    2.1947    4.0525    4.0525    4.1485    4.1485    4.9751    4.9751    5.4225    5.4225    6.8263    6.8263    7.5954    7.5954    8.8852    8.8852    8.9742    8.9742    9.9229    9.9229   10.5226   10.5226   10.8158   10.8158   11.4210   11.4210   12.0741   12.0741   12.7751   12.7751   13.8992   13.8992   14.3703   14.3703   15.2621   15.2621   15.7013   15.7013   17.0110   17.0110   17.5082   17.5082   18.1470   18.1470   18.8936   18.8944
  3.3622  -11.2506  -11.2506  -10.7689  -10.7689   -6.4199   -6.4199   -5.7503   -5.7503   -2.7835   -2.7835   -1.6917   -1.6917   -1.6813   -1.6813   -1.3978   -1.3978    1.6506    1.6506    2.3106    2.3106    4.0339    4.0339    4.1137    4.1137    5.0429    5.0429    5.5549    5.5549    6.6451    6.6451    7.5282    7.5282    8.8263    8.8263    8.9163    8.9163    9.8614    9.8614   10.6473   10.6473   10.7725   10.7725   11.4519   11.4519   12.0891   12.0891   12.8232   12.8232   14.0355   14.0355   14.5519   14.5519   15.4822   15.4822   15.7057   15.7057   17.2059   17.2059   17.2482   17.2482   18.0605   18.0605   18.6848   18.6849
  3.3825  -11.2800  -11.2800  -10.7436  -10.7436   -6.4127   -6.4127   -5.6602   -5.6602   -2.8946   -2.8946   -1.7439   -1.7439   -1.7275   -1.7275   -1.4188   -1.4188    1.7368    1.7368    2.4227    2.4227    4.0208    4.0208    4.0775    4.0775    5.1131    5.1131    5.6880    5.6880    6.4626    6.4626    7.4602    7.4602    8.6751    8.6751    8.9448    8.9448    9.8167    9.8167   10.7328   10.7328   10.7909   10.7909   11.4891   11.4891   12.1040   12.1040   12.8576   12.8576   14.1742   14.1742   14.7336   14.7336   15.6801   15.6801   15.6996   15.6996   16.9938   16.9938   17.4438   17.4438   17.9694   17.9694   18.4827   18.4828
  3.4029  -11.3094  -11.3094  -10.7172  -10.7172   -6.4066   -6.4066   -5.5679   -5.5679   -2.9998   -2.9998   -1.8095   -1.8095   -1.7606   -1.7606   -1.4400   -1.4400    1.8205    1.8205    2.5309    2.5309    4.0135    4.0135    4.0394    4.0394    5.1852    5.1852    5.8166    5.8166    6.2838    6.2838    7.3977    7.3977    8.5234    8.5234    8.9614    8.9614    9.7947    9.7947   10.6968   10.6968   10.9460   10.9460   11.5353   11.5353   12.1188   12.1188   12.8767   12.8767   14.3145   14.3145   14.9145   14.9145   15.6501   15.6501   15.9128   15.9128   16.7458   16.7458   17.6773   17.6773   17.8742   17.8742   18.3109   18.3109
  3.4232  -11.3386  -11.3386  -10.6900  -10.6900   -6.4017   -6.4017   -5.4738   -5.4738   -3.0985   -3.0985   -1.8778   -1.8778   -1.7908   -1.7908   -1.4612   -1.4612    1.9008    1.9008    2.6355    2.6355    3.9983    3.9983    4.0121    4.0121    5.2587    5.2587    5.9334    5.9334    6.1132    6.1132    7.3481    7.3481    8.3740    8.3740    8.9583    8.9583    9.8002    9.8002   10.6650   10.6650   11.1030   11.1030   11.5961   11.5961   12.1338   12.1338   12.8795   12.8795   14.4556   14.4556   15.0935   15.0935   15.6303   15.6303   16.1194   16.1194   16.5051   16.5051   17.7751   17.7751   17.7830   17.7830   18.2785   18.2786
  3.4435  -11.3673  -11.3673  -10.6620  -10.6620   -6.3984   -6.3984   -5.3786   -5.3786   -3.1902   -3.1902   -1.9486   -1.9486   -1.8178   -1.8178   -1.4823   -1.4823    1.9766    1.9766    2.7367    2.7367    3.9529    3.9529    4.0169    4.0169    5.3334    5.3334    5.9548    5.9548    6.0284    6.0284    7.3198    7.3198    8.2301    8.2301    8.9320    8.9320    9.8346    9.8346   10.6373   10.6373   11.2483   11.2483   11.6821   11.6821   12.1491   12.1491   12.8662   12.8662   14.5957   14.5957   15.2693   15.2693   15.6278   15.6278   16.2737   16.2737   16.3158   16.3158   17.6661   17.6661   17.6726   17.6726   18.4728   18.4773
  3.4435  -11.3673  -11.3673  -10.6620  -10.6620   -6.3984   -6.3984   -5.3786   -5.3786   -3.1902   -3.1902   -1.9486   -1.9486   -1.8178   -1.8178   -1.4823   -1.4823    1.9766    1.9766    2.7367    2.7367    3.9529    3.9529    4.0169    4.0169    5.3334    5.3334    5.9548    5.9548    6.0284    6.0284    7.3198    7.3198    8.2301    8.2301    8.9320    8.9320    9.8346    9.8346   10.6373   10.6373   11.2483   11.2483   11.6821   11.6821   12.1491   12.1491   12.8662   12.8662   14.5957   14.5957   15.2693   15.2693   15.6278   15.6278   16.2737   16.2737   16.3158   16.3158   17.6661   17.6661   17.6726   17.6726   18.4750   18.4778
  3.4639  -11.3663  -11.3663  -10.6636  -10.6636   -6.3952   -6.3952   -5.3787   -5.3787   -3.1928   -3.1928   -1.9445   -1.9445   -1.8386   -1.8386   -1.4681   -1.4681    1.9833    1.9833    2.7332    2.7332    3.9537    3.9537    4.0240    4.0240    5.3308    5.3308    5.9563    5.9563    6.0251    6.0251    7.3134    7.3134    8.2380    8.2380    8.9291    8.9291    9.8220    9.8220   10.6622   10.6622   11.2140   11.2140   11.6153   11.6153   12.2537   12.2537   12.8551   12.8551   14.5958   14.5958   15.2645   15.2645   15.6287   15.6287   16.2738   16.2738   16.3219   16.3219   17.5971   17.5971   17.6847   17.6847   18.4723   18.4733
  3.4842  -11.3635  -11.3635  -10.6684  -10.6684   -6.3856   -6.3856   -5.3793   -5.3793   -3.2005   -3.2005   -1.9325   -1.9325   -1.8929   -1.8929   -1.4336   -1.4336    2.0032    2.0032    2.7229    2.7229    3.9565    3.9565    4.0452    4.0452    5.3236    5.3236    5.9603    5.9603    6.0151    6.0151    7.2946    7.2946    8.2612    8.2612    8.9191    8.9191    9.7918    9.7918   10.7304   10.7304   11.0944   11.0944   11.5359   11.5359   12.4631   12.4631   12.8227   12.8227   14.5948   14.5948   15.2517   15.2517   15.6309   15.6309   16.2773   16.2773   16.3375   16.3375   17.4231   17.4231   17.7382   17.7382   18.4733   18.4734
  3.5045  -11.3588  -11.3588  -10.6762  -10.6762   -6.3699   -6.3699   -5.3802   -5.3802   -3.2129   -3.2129   -1.9673   -1.9673   -1.9131   -1.9131   -1.3916   -1.3916    2.0350    2.0350    2.7067    2.7067    3.9617    3.9617    4.0795    4.0795    5.3125    5.3125    5.9660    5.9660    5.9987    5.9987    7.2643    7.2643    8.2982    8.2982    8.8985    8.8985    9.7599    9.7599   10.8288   10.8288   10.9007   10.9007   11.5117   11.5117   12.6959   12.6959   12.7719   12.7719   14.5891   14.5891   15.2350   15.2350   15.6333   15.6333   16.2914   16.2914   16.3535   16.3535   17.2205   17.2205   17.8208   17.8208   18.4755   18.4755
  3.5249  -11.3522  -11.3522  -10.6871  -10.6871   -6.3482   -6.3482   -5.3816   -5.3816   -3.2290   -3.2290   -2.0536   -2.0536   -1.8869   -1.8869   -1.3493   -1.3493    2.0773    2.0773    2.6858    2.6858    3.9704    3.9704    4.1257    4.1257    5.2989    5.2989    5.9724    5.9724    5.9766    5.9766    7.2236    7.2236    8.3467    8.3467    8.8634    8.8634    9.7408    9.7408   10.6756   10.6756   10.9453   10.9453   11.5214   11.5214   12.7070   12.7070   12.9274   12.9274   14.5742   14.5742   15.2206   15.2206   15.6356   15.6356   16.3238   16.3238   16.3495   16.3495   17.0360   17.0360   17.9248   17.9248   18.4804   18.4804
  3.5452  -11.3437  -11.3437  -10.7007  -10.7007   -6.3207   -6.3207   -5.3837   -5.3837   -3.2481   -3.2481   -2.1472   -2.1472   -1.8550   -1.8550   -1.3103   -1.3103    2.1275    2.1275    2.6616    2.6616    3.9839    3.9839    4.1823    4.1823    5.2842    5.2842    5.9492    5.9492    5.9780    5.9780    7.1734    7.1734    8.4046    8.4046    8.8119    8.8119    9.7431    9.7431   10.4429   10.4429   11.0712   11.0712   11.5489   11.5489   12.6331   12.6331   13.1438   13.1438   14.5456   14.5456   15.2169   15.2169   15.6402   15.6402   16.2883   16.2883   16.3790   16.3790   16.9160   16.9160   18.0407   18.0407   18.4913   18.4913
  3.5655  -11.3335  -11.3335  -10.7171  -10.7171   -6.2879   -6.2879   -5.3867   -5.3867   -3.2691   -3.2691   -2.2454   -2.2454   -1.8182   -1.8182   -1.2760   -1.2760    2.1830    2.1830    2.6355    2.6355    4.0041    4.0041    4.2479    4.2479    5.2699    5.2699    5.9173    5.9173    5.9816    5.9816    7.1143    7.1143    8.4693    8.4693    8.7456    8.7456    9.7688    9.7688   10.2132   10.2132   11.1999   11.1999   11.5882   11.5882   12.5560   12.5560   13.3328   13.3328   14.5002   14.5002   15.2331   15.2331   15.6511   15.6511   16.1493   16.1493   16.4573   16.4573   16.8860   16.8860   18.1551   18.1551   18.5163   18.5163
  3.5859  -11.3214  -11.3214  -10.7358  -10.7358   -6.2501   -6.2501   -5.3907   -5.3907   -3.2910   -3.2910   -2.3461   -2.3461   -1.7777   -1.7777   -1.2469   -1.2469    2.2406    2.2406    2.6087    2.6087    4.0331    4.0331    4.3211    4.3211    5.2571    5.2571    5.8816    5.8816    5.9819    5.9819    7.0463    7.0463    8.5377    8.5377    8.6688    8.6688    9.8153    9.8153    9.9928    9.9928   11.3251   11.3251   11.6365   11.6365   12.4826   12.4826   13.4817   13.4817   14.4377   14.4377   15.2766   15.2766   15.6720   15.6720   15.9640   15.9640   16.5560   16.5560   16.9204   16.9204   18.2476   18.2476   18.5716   18.5716
  3.6062  -11.3076  -11.3076  -10.7568  -10.7568   -6.2079   -6.2079   -5.3961   -5.3961   -3.3128   -3.3128   -2.4477   -2.4477   -1.7343   -1.7343   -1.2232   -1.2232    2.2969    2.2969    2.5823    2.5823    4.0734    4.0734    4.4008    4.4008    5.2468    5.2468    5.8430    5.8430    5.9778    5.9778    6.9692    6.9692    8.5864    8.5864    8.6060    8.6060    9.7879    9.7879    9.8773    9.8773   11.4400   11.4400   11.6924   11.6924   12.4215   12.4215   13.5806   13.5806   14.3595   14.3595   15.3388   15.3388   15.7053   15.7053   15.7825   15.7825   16.6715   16.6715   16.9880   16.9880   18.3010   18.3010   18.6710   18.6711
  3.6265  -11.2921  -11.2921  -10.7797  -10.7797   -6.1619   -6.1619   -5.4031   -5.4031   -3.3335   -3.3335   -2.5488   -2.5488   -1.6889   -1.6889   -1.2047   -1.2047    2.3489    2.3489    2.5573    2.5573    4.1272    4.1272    4.4857    4.4857    5.2398    5.2398    5.8020    5.8020    5.9681    5.9681    6.8823    6.8823    8.5032    8.5032    8.6674    8.6674    9.6065    9.6065    9.9491    9.9491   11.5361   11.5361   11.7549   11.7549   12.3835   12.3835   13.6261   13.6261   14.2688   14.2688   15.3369   15.3369   15.7058   15.7058   15.7517   15.7517   16.7996   16.7996   17.0734   17.0734   18.3223   18.3224   18.7587   18.7716
  3.6469  -11.2749  -11.2749  -10.8042  -10.8042   -6.1125   -6.1125   -5.4122   -5.4122   -3.3523   -3.3523   -2.6482   -2.6482   -1.6424   -1.6424   -1.1914   -1.1914    2.3939    2.3939    2.5344    2.5344    4.1965    4.1965    4.5749    4.5749    5.2365    5.2365    5.7595    5.7595    5.9521    5.9521    6.7852    6.7852    8.4230    8.4230    8.7103    8.7103    9.4618    9.4618   10.0241   10.0241   11.6056   11.6056   11.8228   11.8228   12.3798   12.3798   13.6225   13.6225   14.1694   14.1694   15.1915   15.1915   15.8110   15.8110   15.8152   15.8152   16.9365   16.9365   17.1700   17.1700   18.3269   18.3269   18.5740   18.5740
  3.6672  -11.2562  -11.2562  -10.8302  -10.8302   -6.0606   -6.0606   -5.4237   -5.4237   -3.3682   -3.3682   -2.7447   -2.7447   -1.5956   -1.5956   -1.1831   -1.1831    2.4302    2.4302    2.5141    2.5141    4.2824    4.2824    4.6674    4.6674    5.2374    5.2374    5.7160    5.7160    5.9288    5.9288    6.6772    6.6772    8.3489    8.3489    8.7163    8.7163    9.3730    9.3730   10.0953   10.0953   11.6475   11.6475   11.8952   11.8952   12.4154   12.4154   13.5786   13.5786   14.0653   14.0653   14.9993   14.9993   15.8825   15.8825   16.0070   16.0070   17.0780   17.0780   17.2753   17.2753   18.3236   18.3236   18.3850   18.3850
  3.6875  -11.2359  -11.2359  -10.8574  -10.8574   -6.0069   -6.0069   -5.4380   -5.4380   -3.3803   -3.3803   -2.8371   -2.8371   -1.5491   -1.5491   -1.1796   -1.1796    2.4571    2.4571    2.4970    2.4970    4.3849    4.3849    4.7623    4.7623    5.2424    5.2424    5.6722    5.6722    5.8977    5.8977    6.5578    6.5578    8.2832    8.2832    8.6737    8.6737    9.3529    9.3529   10.1552   10.1552   11.6722   11.6722   11.9706   11.9706   12.4842   12.4842   13.5036   13.5036   13.9604   13.9604   14.8042   14.8042   15.9655   15.9655   16.2278   16.2278   17.2197   17.2197   17.3885   17.3885   18.1963   18.1963   18.3177   18.3177
  3.7079  -11.2142  -11.2142  -10.8854  -10.8854   -5.9520   -5.9520   -5.4555   -5.4555   -3.3880   -3.3880   -2.9244   -2.9244   -1.5036   -1.5036   -1.1807   -1.1807    2.4749    2.4749    2.4833    2.4833    4.5034    4.5034    4.8588    4.8588    5.2517    5.2517    5.6286    5.6286    5.8585    5.8585    6.4272    6.4272    8.2278    8.2278    8.5949    8.5949    9.3892    9.3892   10.1960   10.1960   11.6970   11.6970   12.0470   12.0470   12.5728   12.5728   13.4056   13.4056   13.8593   13.8593   14.6165   14.6165   16.0594   16.0594   16.4562   16.4562   17.3556   17.3556   17.5097   17.5097   18.0131   18.0131   18.3137   18.3137
  3.7282  -11.1912  -11.1912  -10.9142  -10.9142   -5.8968   -5.8968   -5.4765   -5.4765   -3.3903   -3.3903   -3.0057   -3.0057   -1.4596   -1.4596   -1.1863   -1.1863    2.4732    2.4732    2.4846    2.4846    4.6362    4.6362    4.9558    4.9558    5.2651    5.2651    5.5857    5.5857    5.8111    5.8111    6.2860    6.2860    8.1843    8.1843    8.5027    8.5027    9.4590    9.4590   10.2117   10.2117   11.7363   11.7363   12.1216   12.1216   12.6678   12.6678   13.2925   13.2925   13.7675   13.7675   14.4397   14.4397   16.1637   16.1637   16.6756   16.6756   17.4777   17.4777   17.6314   17.6314   17.8510   17.8510   18.3178   18.3178
  3.7485  -11.1669  -11.1669  -10.9433  -10.9433   -5.8421   -5.8421   -5.5015   -5.5015   -3.3866   -3.3866   -3.0802   -3.0802   -1.4176   -1.4176   -1.1963   -1.1963    2.4666    2.4666    2.4880    2.4880    4.7809    4.7809    5.0522    5.0522    5.2825    5.2825    5.5441    5.5441    5.7559    5.7559    6.1354    6.1354    8.1535    8.1535    8.4125    8.4125    9.5462    9.5462   10.1997   10.1997   11.7976   11.7976   12.1896   12.1896   12.7566   12.7566   13.1729   13.1729   13.6930   13.6930   14.2750   14.2750   16.2778   16.2778   16.8665   16.8665   17.5748   17.5748   17.6310   17.6310   17.8458   17.8458   18.3380   18.3380
  3.7689  -11.1415  -11.1415  -10.9726  -10.9726   -5.7886   -5.7886   -5.5305   -5.5305   -3.3762   -3.3762   -3.1472   -3.1472   -1.3781   -1.3781   -1.2106   -1.2106    2.4635    2.4635    2.4867    2.4867    4.9346    4.9346    5.1464    5.1464    5.3035    5.3035    5.5042    5.5042    5.6939    5.6939    5.9775    5.9775    8.1363    8.1363    8.3317    8.3317    9.6420    9.6420   10.1613   10.1613   11.8809   11.8809   12.2425   12.2425   12.8273   12.8273   13.0583   13.0583   13.6467   13.6467   14.1229   14.1229   16.4007   16.4007   16.9974   16.9974   17.5250   17.5250   17.6357   17.6357   18.0057   18.0057   18.3817   18.3817
  3.7892  -11.1150  -11.1150  -11.0019  -11.0019   -5.7372   -5.7372   -5.5639   -5.5639   -3.3585   -3.3585   -3.2062   -3.2062   -1.3414   -1.3414   -1.2290   -1.2290    2.4635    2.4635    2.4824    2.4824    5.0932    5.0932    5.2356    5.2356    5.3279    5.3279    5.4670    5.4670    5.6276    5.6276    5.8158    5.8158    8.1330    8.1330    8.2635    8.2635    9.7413    9.7413   10.1011   10.1011   11.9804   11.9804   12.2667   12.2667   12.8697   12.8697   12.9645   12.9645   13.6403   13.6403   13.9840   13.9840   16.5315   16.5315   17.0187   17.0187   17.4888   17.4888   17.6548   17.6548   18.1951   18.1951   18.4468   18.4468
  3.8095  -11.0877  -11.0877  -11.0310  -11.0310   -5.6885   -5.6885   -5.6014   -5.6014   -3.3329   -3.3329   -3.2569   -3.2569   -1.3079   -1.3079   -1.2515   -1.2515    2.4662    2.4662    2.4766    2.4766    5.2465    5.2465    5.3111    5.3111    5.3562    5.3562    5.4342    5.4342    5.5647    5.5647    5.6585    5.6585    8.1440    8.1440    8.2092    8.2092    9.8404    9.8404   10.0243   10.0243   12.0857   12.0857   12.2472   12.2472   12.8843   12.8843   12.9075   12.9075   13.6786   13.6786   13.8600   13.8600   16.6679   16.6679   16.9338   16.9338   17.5303   17.5303   17.6365   17.6365   18.3819   18.3820   18.5099   18.5102
  3.8299  -11.0596  -11.0596  -11.0596  -11.0596   -5.6431   -5.6431   -5.6431   -5.6431   -3.2991   -3.2991   -3.2991   -3.2991   -1.2779   -1.2779   -1.2779   -1.2779    2.4709    2.4709    2.4709    2.4709    5.3379    5.3379    5.3379    5.3379    5.4004    5.4004    5.4004    5.4004    5.5480    5.5480    5.5480    5.5480    8.1693    8.1693    8.1693    8.1693    9.9360    9.9360    9.9360    9.9360   12.1814   12.1814   12.1814   12.1814   12.8879   12.8879   12.8879   12.8879   13.7554   13.7554   13.7554   13.7554   16.8058   16.8058   16.8058   16.8058   17.5903   17.5903   17.5903   17.5903   18.5072   18.5072   18.5073   18.5073
